1 2 183
2 3 1
3 4 85
5 6 511
3 7 8
4 7 10
3 8 8
4 8 38
7 8 809
9 10 284
9 11 76
10 11 32
5 12 16
9 12 2
11 12 1
5 13 6
6 13 1
12 13 46
14 15 22
4 16 2
4 17 7
7 17 1
16 17 2205
5 18 16
6 18 112
12 18 153
13 18 81
17 18 4
5 19 2
12 19 1
18 19 147
5 20 69
6 20 1
9 20 3
12 20 18
13 20 3
18 20 391
19 20 35
2 21 12
1 22 12
2 22 43
21 22 398
9 23 2
11 23 2
18 24 1
23 24 171
1 25 8
2 25 1
9 25 2
21 25 12
22 25 10
1 26 1
22 26 329
25 26 60
1 27 1
2 27 4
21 27 302
22 27 392
25 27 2
3 28 2
4 28 38
7 28 8
8 28 2
4 29 5
8 29 2
16 29 2
17 29 10
28 29 25
4 31 1
17 31 1
30 31 209
3 32 2
4 32 2
7 32 4
16 32 10
17 32 1
28 32 135
29 32 126
7 33 2
16 33 6
17 33 20
26 33 2
28 33 2
29 33 14
32 33 531
13 35 1
34 35 406
3 36 1
4 36 3
5 36 1
7 36 3
8 36 9
11 36 1
16 36 1
17 36 12
28 36 1
29 36 4
32 36 8
3 37 1
4 37 4
7 37 82
8 37 24
10 37 31
11 37 16
17 37 1
28 37 2
29 37 12
32 37 2
33 37 1
36 37 86
3 38 2
4 38 1
8 38 1
11 38 1
17 38 3
28 38 1
32 38 11
33 38 3
36 38 717
37 38 3
21 39 1
22 39 7
26 39 2
27 39 1
21 40 1
22 40 8
25 40 1
27 40 2
39 40 806
7 41 11
8 41 6
17 41 1
28 41 72
29 41 5
33 41 2
36 41 1
37 41 4
3 42 123
4 42 43
7 42 9
8 42 57
17 42 1
28 42 15
32 42 1
36 42 1
38 42 2
41 42 385
5 43 1
14 43 20
15 43 309
24 43 1
13 44 1
18 44 4
5 45 2
13 45 11
18 45 8
20 45 1
44 45 36
12 46 3
18 46 1
20 46 1
44 46 10
45 46 45
3 47 47
4 47 192
7 47 8
8 47 43
13 47 7
16 47 1
17 47 1
28 47 12
37 47 2
41 47 29
42 47 241
3 48 3
4 48 32
7 48 5
8 48 297
17 48 2
28 48 7
32 48 1
33 48 1
36 48 1
38 48 2
41 48 19
42 48 4
47 48 602
21 49 3
22 49 4
34 49 1
40 49 1
21 50 5
49 50 627
11 51 1
22 51 2
23 51 1
24 51 7
32 51 1
49 51 2
22 52 1
24 52 1
51 52 383
27 53 2
51 53 4
27 54 40
49 54 5
53 54 623
13 55 2
17 55 2
18 55 5
36 55 3
14 56 13
15 56 37
32 56 1
37 56 7
43 56 6
55 56 146
30 57 3
56 57 1
9 58 1
15 58 3
29 58 1
30 58 46
31 58 3
32 58 1
37 58 1
56 58 9
57 58 490
25 59 1
49 59 1207
50 59 10
51 59 4
53 59 4
9 60 3
11 60 2
12 60 1
18 60 1
20 60 2
23 60 1
24 60 1
37 60 1
45 60 1
49 60 56
50 60 3
51 60 3
53 60 6
54 60 25
55 60 1
59 60 51
8 61 10
11 61 2
16 61 1667
17 61 85
28 61 12
29 61 25
32 61 115
33 61 21
36 61 5
38 61 3
41 61 1
42 61 1
47 61 2
48 61 5
56 61 1
49 62 15
52 62 39
53 62 3
54 62 12
60 62 165
49 63 28
51 63 6
53 63 229
59 63 86
60 63 115
62 63 271
16 64 5
17 64 3
28 64 1
29 64 8
32 64 15
33 64 84
36 64 8
37 64 8
38 64 1
41 64 2
47 64 1
60 64 1
61 64 55
4 65 6
8 65 3
16 65 51
17 65 27
28 65 1
29 65 6
32 65 4
33 65 19
36 65 5
37 65 3
38 65 1
41 65 6
49 65 1
53 65 5
61 65 163
64 65 635
3 66 1
4 66 110
7 66 811
8 66 9
16 66 2
17 66 2
28 66 1
29 66 1
36 66 1
37 66 42
38 66 1
41 66 43
47 66 2
48 66 4
61 66 2
64 66 2
11 67 1
23 67 1
27 67 15
51 67 5
52 67 51
54 67 10
60 67 102
62 67 107
64 67 1
23 68 28
24 68 1
26 68 3
27 68 4
51 68 1
67 68 461
21 69 3
49 69 2
52 69 2
67 69 729
68 69 4
7 70 5
8 70 8
10 70 10
11 70 16
16 70 5
17 70 2
32 70 1
33 70 1
36 70 2
37 70 1002
38 70 2
41 70 5
47 70 1
48 70 6
56 70 1
58 70 1
60 70 2
61 70 10
64 70 1
65 70 7
1 71 1
2 71 4
9 71 1
21 71 7
22 71 20
25 71 11
26 71 14
27 71 1
39 71 2
40 71 14
47 71 1
63 71 1
9 72 1
18 72 3
21 72 6
22 72 9
24 72 1
26 72 6
27 72 3
36 72 1
38 72 1
39 72 1
40 72 1
47 72 1
49 72 5
50 72 2
51 72 1
55 72 3
59 72 7
60 72 7
63 72 29
68 72 4
69 72 1
71 72 228
22 73 8
49 73 35
50 73 17
51 73 4
54 73 1
59 73 3
60 73 36
62 73 1
67 73 1
72 73 285
1 74 1
11 74 1
21 74 1
22 74 77
25 74 3
26 74 261
27 74 3
40 74 1
54 74 1
72 74 1
73 74 1
1 75 12
2 75 7
9 75 1
21 75 1
22 75 224
23 75 4
25 75 2
26 75 55
27 75 18
32 75 1
39 75 2
49 75 2
51 75 3
53 75 136
54 75 1
60 75 6
62 75 41
63 75 5
64 75 1
71 75 11
72 75 1
73 75 1
74 75 33
3 76 5
4 76 4
7 76 316
8 76 11
16 76 7
17 76 17
28 76 691
29 76 25
32 76 3
33 76 4
36 76 4
37 76 2
41 76 274
42 76 28
47 76 10
48 76 15
65 76 1
66 76 88
75 76 1
30 77 12
31 77 1
37 77 1
38 77 2
57 77 24
58 77 67
65 77 1
70 77 11
13 78 2
15 78 1
16 78 1
20 78 1
30 78 1
31 78 3
36 78 1
38 78 1
43 78 1
55 78 1
57 78 83
58 78 57
61 78 1
77 78 1616
17 79 2
30 79 1
31 79 1
57 79 13
58 79 119
61 79 3
77 79 94
78 79 2301
1 80 1
2 80 2
21 80 5
22 80 1
26 80 1
27 80 6
47 80 11
49 80 2
60 80 1
68 80 1
71 80 186
72 80 339
73 80 1
75 80 15
1 81 5
2 81 3
21 81 3
22 81 12
25 81 4
26 81 4
27 81 201
71 81 337
72 81 446
74 81 3
75 81 15
80 81 694
17 82 3
29 82 1
30 82 19
43 82 5
55 82 1
56 82 4
58 82 13
9 83 1
14 83 18
15 83 5
30 83 16
37 83 1
43 83 16
55 83 2
56 83 14
58 83 5
61 83 1
64 83 1
70 83 1
82 83 126
5 84 2
9 84 1
17 84 1
18 84 2
30 84 2
37 84 1
57 84 409
58 84 14
77 84 9
78 84 11
79 84 4
3 85 18
4 85 43
7 85 28
8 85 41
17 85 1
28 85 786
29 85 20
32 85 45
33 85 37
36 85 5
37 85 7
38 85 4
41 85 42
42 85 71
47 85 71
48 85 32
61 85 4
66 85 7
76 85 65
4 86 4
16 86 12
17 86 35
28 86 35
29 86 581
32 86 23
33 86 259
36 86 1
38 86 2
41 86 1
42 86 1
58 86 1
61 86 37
64 86 5
76 86 15
85 86 4
14 87 2
15 87 1
18 87 6
36 87 1
55 87 337
56 87 3
59 87 1
64 87 1
72 87 5
82 87 3
85 87 1
13 88 1
37 88 1
47 88 1
55 88 108
56 88 123
66 88 2
82 88 1
87 88 505
5 89 59
6 89 10
12 89 14
13 89 6
18 89 4
19 89 21
20 89 1
44 89 2
45 89 1
46 89 4
67 89 1
5 90 14
6 90 5
12 90 11
18 90 9
19 90 92
20 90 45
35 90 1
44 90 2
45 90 53
46 90 1
72 90 1
89 90 285
4 91 3
8 91 2
13 91 1
17 91 3
28 91 67
29 91 1
32 91 11
36 91 1
38 91 1
41 91 708
42 91 1
47 91 7
48 91 1
51 91 1
61 91 2
75 91 1
76 91 65
85 91 27
86 91 5
87 91 1
3 92 2
4 92 30
7 92 6
8 92 72
13 92 5
17 92 6
28 92 27
29 92 3
32 92 3
36 92 1
37 92 2
41 92 64
42 92 7
47 92 16
48 92 30
55 92 7
58 92 2
61 92 8
66 92 9
76 92 46
82 92 1
85 92 34
86 92 6
91 92 967
21 93 4
22 93 25
25 93 7
26 93 3
32 93 1
39 93 11
40 93 18
45 93 1
51 93 2
52 93 225
61 93 1
65 93 4
71 93 2
74 93 48
75 93 40
77 93 2
84 93 1
3 94 10
4 94 21
7 94 10
8 94 10
13 94 1
15 94 2
21 94 1
28 94 4
29 94 2
31 94 1
32 94 7
33 94 6
36 94 5
37 94 26
38 94 6
41 94 6
43 94 5
47 94 4
48 94 7
55 94 2
61 94 15
64 94 6
65 94 11
66 94 8
70 94 138
72 94 1
76 94 12
80 94 1
82 94 1
84 94 2
85 94 10
86 94 5
87 94 1
92 94 25
21 95 6
22 95 5
23 95 2
49 95 2
51 95 115
52 95 600
69 95 18
72 95 6
81 95 1
93 95 5
21 96 3
24 96 1
51 96 4
67 96 4
68 96 149
95 96 2
3 97 2
4 97 28
7 97 23
8 97 132
17 97 2
38 97 2
41 97 235
42 97 8
47 97 62
48 97 150
61 97 7
64 97 3
65 97 1
66 97 13
76 97 9
85 97 3
91 97 1
92 97 51
94 97 14
17 98 1
30 98 1
49 98 3
50 98 1
55 98 1
58 98 1
59 98 5
60 98 19
62 98 5
63 98 334
72 98 4
73 98 3
9 99 1
22 99 1
25 99 1
59 99 2
60 99 4
63 99 16
72 99 286
73 99 4
98 99 1285
25 100 1
49 100 126
51 100 2
53 100 1
59 100 3
60 100 14
62 100 12
63 100 104
65 100 1
67 100 1
72 100 10
73 100 5
83 100 1
98 100 10
99 100 2
3 101 38
4 101 10
7 101 2
8 101 7
17 101 4
28 101 333
29 101 7
32 101 28
33 101 3
36 101 5
38 101 5
41 101 31
42 101 12
43 101 1
47 101 3
48 101 2
64 101 2
65 101 6
66 101 3
76 101 350
77 101 2
78 101 4
79 101 3
85 101 256
86 101 282
91 101 44
92 101 20
94 101 3
97 101 1
1 102 1
2 102 6
21 102 7
22 102 20
25 102 120
26 102 5
27 102 168
60 102 1
71 102 16
72 102 1
74 102 5
75 102 10
80 102 9
81 102 21
93 102 1
1 103 2
2 103 5
13 103 1
18 103 2
21 103 2
22 103 14
25 103 9
27 103 1
31 103 1
51 103 1
52 103 13
60 103 9
62 103 1
71 103 4
72 103 2
74 103 7
75 103 1
80 103 33
81 103 44
94 103 1
102 103 95
5 104 6
6 104 6
12 104 8
13 104 45
18 104 4
19 104 3
20 104 58
44 104 96
48 104 1
89 104 6
90 104 31
5 105 8
6 105 170
12 105 4
13 105 9
18 105 9
20 105 19
45 105 2
61 105 1
82 105 1
89 105 3
90 105 1
104 105 676
5 106 26
9 106 2
12 106 28
13 106 5
18 106 6
19 106 10
20 106 5
89 106 11
90 106 6
104 106 3
105 106 4
3 107 4
4 107 12
7 107 28
8 107 22
13 107 48
16 107 2
17 107 1
23 107 1
28 107 13
31 107 4
32 107 23
33 107 2
36 107 4
37 107 3
38 107 2
41 107 21
42 107 16
47 107 29
48 107 1
55 107 4
56 107 2
61 107 1
62 107 1
64 107 2
66 107 6
70 107 2
71 107 2
75 107 1
76 107 35
77 107 8
78 107 11
80 107 1
81 107 1
83 107 1
85 107 104
87 107 2
88 107 1
91 107 8
92 107 41
93 107 1
94 107 25
97 107 5
98 107 2
100 107 13
101 107 11
102 107 1
103 107 1
4 108 92
7 108 51
8 108 28
13 108 26
16 108 1
17 108 5
28 108 32
31 108 10
32 108 4
33 108 4
36 108 8
37 108 6
38 108 3
41 108 7
42 108 4
43 108 1
47 108 30
48 108 15
52 108 1
55 108 58
61 108 12
64 108 3
65 108 50
66 108 39
70 108 27
76 108 37
77 108 4
78 108 44
79 108 1
80 108 4
82 108 1
84 108 3
85 108 20
88 108 8
92 108 44
94 108 150
97 108 64
100 108 1
101 108 6
103 108 1
107 108 388
2 109 2
21 109 47
22 109 54
25 109 2
26 109 4
27 109 57
39 109 1
40 109 2
53 109 9
54 109 1
67 109 8
71 109 7
74 109 1
75 109 15
80 109 1
93 109 1
102 109 17
103 109 29
56 110 1
82 110 1
86 110 1
87 110 2
88 110 7
17 111 2
29 111 10
47 111 8
55 111 4
56 111 19
80 111 11
82 111 3
87 111 2
88 111 5
97 111 2
101 111 2
107 111 3
110 111 46
5 112 21
6 112 54
9 112 82
11 112 19
12 112 30
13 112 7
17 112 1
18 112 34
19 112 5
23 112 1
45 112 1
46 112 1
66 112 15
89 112 53
90 112 2
104 112 14
105 112 3
106 112 3
5 113 47
6 113 23
9 113 15
11 113 1
12 113 18
13 113 4
18 113 69
19 113 1
20 113 2
60 113 1
89 113 11
90 113 1
102 113 1
104 113 2
105 113 3
106 113 1
112 113 833
8 114 1
16 114 11
17 114 7
28 114 1
29 114 8
32 114 51
33 114 39
36 114 63
37 114 47
38 114 2
41 114 1
47 114 1
48 114 1
61 114 1279
64 114 29
65 114 271
66 114 2
70 114 9
76 114 1
78 114 1
83 114 2
84 114 1
85 114 3
86 114 5
91 114 3
92 114 1
94 114 9
97 114 1
101 114 3
107 114 5
108 114 16
4 115 299
7 115 2
8 115 8
16 115 26
17 115 13
28 115 76
29 115 7
32 115 421
33 115 32
36 115 1
38 115 37
41 115 1
47 115 21
48 115 12
61 115 100
64 115 127
65 115 265
66 115 1
75 115 1
76 115 1
85 115 22
86 115 10
91 115 9
94 115 4
101 115 23
107 115 9
108 115 10
114 115 30
4 116 8
7 116 2
8 116 3
13 116 1
16 116 53
17 116 44
28 116 6
31 116 78
32 116 27
33 116 18
36 116 11
37 116 1
38 116 3
41 116 3
61 116 226
64 116 66
65 116 243
83 116 8
84 116 1
85 116 1
86 116 2
91 116 2
92 116 60
93 116 1
94 116 4
101 116 3
107 116 1
108 116 8
114 116 132
115 116 283
4 117 16
13 117 2
16 117 17
17 117 39
28 117 1
29 117 1
32 117 3
33 117 445
36 117 1
38 117 1
41 117 2
47 117 5
48 117 1
49 117 1
55 117 1
61 117 30
64 117 22
65 117 40
70 117 2
76 117 3
91 117 1
94 117 11
97 117 4
101 117 1
107 117 1
114 117 28
115 117 14
116 117 143
11 118 2
24 118 1
43 118 1
49 118 1046
50 118 6
53 118 2
59 118 545
60 118 9
63 118 2
72 118 2
73 118 7
84 118 1
98 118 1
100 118 201
23 119 1
24 119 4
51 119 12
52 119 4
60 119 9
62 119 1
23 120 1
51 120 19
52 120 1
60 120 5
80 120 3
93 120 2
95 120 3
96 120 1
103 120 3
119 120 35
3 121 2
4 121 5
16 121 16
17 121 123
28 121 2
29 121 5
32 121 12
33 121 1
36 121 31
37 121 18
38 121 845
41 121 1
42 121 5
47 121 2
48 121 3
61 121 52
64 121 30
65 121 6
70 121 3
76 121 10
83 121 1
85 121 3
86 121 6
92 121 1
94 121 11
97 121 1
101 121 3
107 121 6
108 121 1
114 121 7
115 121 8
116 121 1
117 121 590
7 122 23
9 122 1
11 122 102
15 122 3
17 122 1
22 122 1
30 122 9
33 122 1
37 122 76
38 122 45
55 122 1
56 122 7
70 122 1
75 122 1
77 122 1
79 122 2
82 122 394
83 122 16
84 122 1
87 122 3
88 122 33
94 122 74
108 122 1
111 122 2
14 123 2
15 123 1
43 123 7
82 123 14
83 123 8
87 123 2
110 123 1
122 123 3
14 124 594
15 124 5
43 124 41
56 124 21
57 124 1
76 124 1
83 124 151
87 124 2
108 124 3
111 124 1
114 124 1
122 124 1
123 124 47
5 125 1
6 125 1
27 125 1
36 125 1
49 125 9
51 125 4
53 125 158
54 125 1
59 125 8
60 125 162
62 125 105
63 125 376
73 125 2
75 125 34
80 125 1
98 125 8
99 125 1
100 125 3
103 125 2
115 125 1
117 125 1
118 125 1
9 126 1
23 126 2
37 126 1
49 126 5
51 126 6
53 126 2
54 126 1
59 126 33
60 126 494
62 126 463
63 126 3
67 126 1
72 126 28
73 126 13
77 126 1
98 126 20
99 126 9
100 126 61
107 126 23
108 126 4
117 126 1
118 126 6
125 126 285
3 127 1
4 127 34
7 127 44
8 127 8
14 127 12
16 127 20
17 127 35
28 127 1
29 127 2
30 127 1
33 127 1
36 127 7
37 127 270
38 127 4
41 127 1
42 127 2
48 127 1
56 127 5
57 127 12
58 127 40
61 127 104
64 127 3
65 127 7
66 127 14
70 127 344
76 127 3
77 127 101
82 127 10
83 127 12
86 127 2
92 127 19
94 127 291
97 127 1
101 127 2
107 127 6
108 127 14
114 127 8
116 127 20
117 127 16
121 127 14
122 127 6
124 127 24
1 128 7
2 128 9
9 128 1
21 128 9
22 128 22
25 128 3
26 128 6
27 128 1
39 128 1
49 128 1
60 128 2
71 128 17
72 128 5
74 128 20
75 128 19
80 128 95
81 128 98
102 128 20
103 128 17
109 128 3
28 129 1
41 129 3
42 129 27
47 129 1
55 129 32
61 129 1
66 129 1
76 129 5
85 129 5
92 129 1
94 129 57
97 129 3
107 129 3
108 129 5
114 129 1
4 130 52
7 130 2
17 130 7
28 130 16
32 130 30
33 130 3
36 130 5
37 130 2
38 130 4
42 130 2
48 130 7
61 130 14
64 130 4
65 130 7
66 130 3
70 130 1
76 130 1
77 130 1
84 130 2
85 130 16
91 130 16
92 130 5
94 130 21
101 130 5
107 130 3
108 130 7
114 130 4
115 130 43
116 130 1
117 130 307
121 130 437
127 130 47
1 131 4
2 131 4
21 131 1
22 131 9
25 131 2
26 131 1
39 131 2
51 131 121
60 131 21
65 131 1
69 131 1
71 131 7
75 131 4
80 131 4
81 131 28
102 131 166
103 131 234
120 131 1
125 131 1
128 131 2
30 132 3
31 132 99
43 132 1
57 132 22
58 132 413
65 132 1
77 132 4
78 132 25
79 132 10
84 132 21
94 132 1
107 132 3
117 132 1
9 133 48
10 133 276
11 133 24
37 133 37
49 133 1
70 133 79
105 133 1
122 133 5
5 134 10
6 134 17
9 134 1
12 134 10
13 134 17
18 134 10
19 134 8
20 134 2
35 134 1
44 134 13
45 134 38
46 134 13
77 134 1
89 134 929
90 134 53
104 134 47
105 134 9
106 134 18
112 134 37
113 134 125
14 135 150
15 135 84
37 135 20
42 135 1
43 135 31
55 135 70
56 135 262
57 135 2
70 135 17
77 135 3
78 135 1
82 135 15
83 135 36
84 135 2
87 135 5
88 135 2
107 135 1
110 135 5
111 135 159
122 135 33
123 135 5
124 135 201
127 135 14
130 135 1
9 136 2
11 136 6
133 136 1
134 136 6
136 137 30
6 138 3
16 138 1
17 138 352
30 138 2
31 138 2
57 138 2
58 138 8
72 138 1
77 138 3
78 138 2
79 138 1
82 138 1
84 138 6
101 138 1
107 138 1
122 138 1
132 138 1
5 139 2
6 139 34
17 139 366
18 139 1
30 139 1
36 139 1
45 139 1
57 139 4
58 139 3
66 139 1
77 139 2
84 139 5
138 139 1991
136 140 3
8 141 1
9 141 15
10 141 15
11 141 4
22 141 1
51 141 1
89 141 4
103 141 1
136 141 7
9 142 29
11 142 12
73 142 1
89 142 9
126 142 2
128 142 1
133 142 4
136 142 6
137 142 1
140 142 3
141 142 139
1 143 2
2 143 1
12 143 10
25 143 5
39 143 11
40 143 11
103 143 1
129 143 1
9 144 5
10 144 3
11 144 100
35 144 3
73 144 1
95 144 1
133 144 4
136 144 18
137 144 2
140 144 1
141 144 16
142 144 14
9 145 3
10 145 1
11 145 4
16 145 1
36 145 1
45 145 2
100 145 1
133 145 1
136 145 7
140 145 12
141 145 14
142 145 4
144 145 103
23 146 44
24 146 2
35 146 1
51 146 3
61 146 1
63 146 2
67 146 121
68 146 3
72 146 1
95 146 1
119 146 1
120 146 1
18 147 4
35 147 32
46 147 1
51 147 1
65 147 1
120 147 2
141 147 1
143 147 1
145 147 2
29 148 1
35 148 66
37 148 8
49 148 1
53 148 1
60 148 1
75 148 21
93 148 1
103 148 1
120 148 1
138 148 1
147 148 97
2 149 1
21 149 2
22 149 22
25 149 3
26 149 6
27 149 6
58 149 1
60 149 1
71 149 1290
72 149 4
74 149 10
75 149 78
80 149 1
81 149 17
93 149 11
95 149 62
99 149 1
102 149 3
103 149 1
104 149 15
105 149 1
107 149 2
109 149 1
114 149 1
131 149 1
5 150 2
9 150 3
10 150 37
11 150 4
12 150 1
18 150 12
20 150 7
89 150 2
104 150 2
105 150 5
106 150 1
133 150 1
134 150 1
136 150 1
140 150 4
142 150 3
144 150 3
145 150 4
2 151 1
22 151 4
26 151 20
27 151 2
63 151 23
71 151 3
74 151 3
75 151 335
80 151 1
81 151 2
102 151 2
109 151 1
149 151 19
1 152 2
2 152 2
21 152 3
22 152 58
25 152 25
26 152 7
27 152 2
39 152 1
60 152 1
71 152 847
72 152 2
74 152 5
75 152 60
80 152 8
81 152 9
93 152 2
95 152 1
102 152 7
103 152 2
104 152 2
115 152 1
128 152 1
149 152 572
151 152 9
2 153 5
21 153 18
22 153 31
25 153 48
26 153 5
27 153 1
71 153 10
72 153 4
74 153 3
75 153 20
80 153 1
81 153 9
102 153 47
103 153 7
109 153 9
128 153 3
131 153 30
149 153 6
152 153 11
1 154 2
21 154 1
22 154 3
27 154 2
36 154 1
38 154 1
39 154 16
40 154 2
74 154 1
75 154 13
81 154 17
93 154 3
128 154 8
143 154 42
146 154 1
149 154 1
152 154 2
1 155 8
2 155 25
21 155 190
22 155 227
24 155 12
25 155 8
26 155 8
27 155 33
39 155 1
71 155 45
72 155 11
74 155 4
75 155 27
80 155 10
81 155 13
93 155 2
102 155 28
103 155 4
109 155 13
126 155 1
128 155 8
131 155 4
143 155 1
149 155 4
151 155 3
152 155 11
153 155 45
154 155 2
18 156 1
23 156 114
24 156 58
51 156 13
52 156 1
63 156 1
67 156 1
68 156 88
96 156 181
119 156 11
143 156 48
149 156 1
154 156 8
23 157 135
26 157 3
51 157 1
52 157 1
60 157 1
67 157 27
68 157 341
120 157 1
151 157 1
154 157 1
156 157 37
22 158 4
23 158 1
27 158 1
49 158 21
51 158 7
52 158 10
60 158 1
67 158 15
68 158 1
69 158 36
72 158 1
81 158 3
95 158 300
119 158 2
120 158 33
149 158 57
157 158 2
21 159 2
22 159 3
25 159 1
45 159 1
51 159 45
52 159 121
60 159 1
67 159 1
93 159 6
95 159 25
96 159 1
98 159 1
103 159 20
119 159 11
120 159 117
126 159 1
131 159 6
139 159 2
146 159 1
147 159 7
148 159 3
152 159 1
156 159 1
157 159 8
158 159 152
51 160 1
60 160 5
73 160 14
75 160 6
146 160 1
11 161 1
30 161 3
31 161 4
32 161 1
36 161 7
37 161 1
38 161 1
56 161 1
57 161 85
58 161 124
66 161 1
77 161 7
78 161 7
79 161 2
84 161 254
86 161 1
94 161 1
101 161 5
108 161 2
132 161 25
135 161 4
138 161 19
139 161 126
148 161 1
159 161 1
23 162 314
24 162 851
51 162 5
96 162 2
99 162 1
118 162 1
146 162 5
156 162 2
158 162 9
30 163 8
31 163 3
40 163 1
43 163 1
48 163 1
49 163 1
55 163 1
56 163 4
57 163 70
58 163 117
66 163 1
70 163 3
77 163 1699
78 163 154
79 163 5
81 163 1
82 163 21
83 163 22
84 163 23
85 163 1
93 163 1
94 163 2
101 163 6
107 163 5
108 163 2
112 163 1
118 163 1
122 163 41
127 163 169
132 163 4
134 163 1
138 163 3
161 163 7
22 164 3
49 164 1
68 164 6
69 164 18
80 164 2
81 164 1
95 164 13
119 164 1
120 164 1
128 164 5
152 164 1
158 164 53
162 164 1
51 165 6
60 165 24
68 165 1
95 165 5
96 165 8
119 165 27
120 165 9
158 165 1
159 165 1
164 165 1
9 166 5
11 166 2
16 166 1
17 166 1
45 166 1
136 166 2
140 166 77
141 166 2
142 166 2
144 166 140
145 166 1858
147 166 2
150 166 7
1 167 1
2 167 3
5 167 2
21 167 26
22 167 66
25 167 628
26 167 11
27 167 7
36 167 1
39 167 1
40 167 9
47 167 2
49 167 2
71 167 236
72 167 21
74 167 2
75 167 16
80 167 6
81 167 7
82 167 1
93 167 4
102 167 44
103 167 14
109 167 8
113 167 1
114 167 1
126 167 1
127 167 1
128 167 8
131 167 6
142 167 2
149 167 19
151 167 3
152 167 36
153 167 146
155 167 30
159 167 1
24 168 1
49 168 26
51 168 3
52 168 1
60 168 3
68 168 1
69 168 1
75 168 1
93 168 1
95 168 33
146 168 84
158 168 83
159 168 1
160 168 4
162 168 3
164 168 15
21 169 8
22 169 4
23 169 3
24 169 1
25 169 1
49 169 1
51 169 30
52 169 5
61 169 1
67 169 2
68 169 45
69 169 1
71 169 2
72 169 16
74 169 2
75 169 2
79 169 1
80 169 2
81 169 8
95 169 30
109 169 2
120 169 4
146 169 57
149 169 13
151 169 7
152 169 86
156 169 2
157 169 9
158 169 12
159 169 2
160 169 1
162 169 7
164 169 9
165 169 4
167 169 10
168 169 45
49 170 24
50 170 3
51 170 1
53 170 6
59 170 31
60 170 40
63 170 3
72 170 3
73 170 93
74 170 2
78 170 1
98 170 15
99 170 1
100 170 31
103 170 1
107 170 16
108 170 1
118 170 4
126 170 380
146 170 1
160 170 5
1 171 19
2 171 3
22 171 5
38 171 1
43 171 1
49 171 10
51 171 2
53 171 1
59 171 5
60 171 56
61 171 1
68 171 1
71 171 1
72 171 35
73 171 1113
74 171 4
82 171 1
87 171 1
98 171 3
118 171 4
122 171 1
126 171 2
149 171 1
154 171 1
167 171 1
170 171 13
9 172 17
10 172 4
11 172 11
89 172 23
133 172 7
136 172 9
141 172 281
142 172 20
144 172 4
145 172 9
147 172 1
150 172 584
166 172 6
22 173 5
24 173 1
49 173 4
51 173 33
59 173 6
60 173 3
62 173 1
63 173 152
71 173 1
72 173 4
73 173 21
95 173 1
98 173 139
99 173 3
100 173 7
107 173 1
117 173 1
119 173 1
126 173 26
146 173 1
159 173 2
169 173 2
170 173 39
171 173 7
1 174 18
25 174 1
38 174 1
49 174 81
52 174 2
53 174 2
54 174 1
59 174 13
60 174 113
62 174 8
63 174 23
65 174 1
72 174 146
73 174 48
75 174 1
81 174 1
98 174 122
99 174 82
100 174 455
107 174 11
108 174 1
118 174 6
125 174 6
126 174 252
145 174 1
148 174 2
170 174 217
171 174 4
173 174 460
14 175 33
17 175 1
30 175 32
31 175 15
37 175 2
57 175 165
58 175 13
70 175 5
77 175 29
78 175 19
79 175 1
83 175 82
84 175 6
108 175 1
124 175 21
127 175 51
132 175 3
133 175 1
135 175 4
138 175 1
161 175 1
163 175 61
4 176 1
9 176 1
17 176 1
23 176 1
30 176 33
31 176 76
57 176 2
58 176 5
64 176 23
77 176 5
78 176 1
84 176 19
88 176 18
107 176 4
108 176 36
115 176 30
116 176 30
132 176 2
161 176 5
163 176 11
175 176 273
17 177 1
21 177 1
23 177 2
49 177 18
51 177 1
54 177 1
59 177 39
60 177 6
62 177 1
63 177 2
72 177 4
73 177 15
77 177 1
98 177 14
99 177 3
100 177 37
107 177 8
108 177 2
118 177 4
125 177 1
126 177 174
135 177 1
162 177 6
167 177 2
170 177 41
171 177 5
172 177 1
173 177 9
174 177 68
6 178 1
9 178 6
11 178 2
17 178 2
30 178 3
31 178 71
37 178 2
57 178 1
58 178 4
75 178 3
77 178 7
78 178 3
79 178 1
84 178 6
88 178 11
91 178 1
103 178 6
107 178 7
108 178 68
116 178 26
117 178 1
125 178 1
126 178 1
130 178 11
132 178 2
139 178 1
142 178 1
161 178 6
163 178 3
167 178 2
175 178 16
176 178 230
28 179 1
30 179 10
31 179 22
36 179 2
38 179 1
41 179 11
42 179 5
57 179 1
58 179 2
66 179 1
76 179 1
77 179 18
78 179 2
79 179 1
91 179 16
92 179 78
94 179 1
101 179 2
107 179 4
108 179 2
121 179 1
132 179 8
138 179 3
139 179 1
146 179 1
161 179 29
163 179 8
175 179 34
176 179 7
178 179 38
27 180 13
49 180 18
51 180 3
53 180 1
54 180 505
60 180 166
63 180 3
67 180 3
73 180 2
75 180 1
98 180 1
99 180 2
109 180 1
125 180 3
126 180 1
171 180 10
173 180 1
174 180 4
177 180 8
17 181 1
30 181 2
31 181 2
36 181 14
38 181 19
41 181 1
57 181 1
58 181 1
60 181 1
77 181 3
78 181 8
122 181 2
124 181 1
132 181 2
138 181 1
139 181 1
161 181 3
163 181 7
175 181 95
176 181 12
178 181 42
179 181 84
30 182 1
31 182 24
65 182 36
77 182 1
161 182 1
163 182 1
167 182 2
175 182 77
176 182 24
178 182 34
179 182 3
181 182 59
49 183 4
51 183 2
53 183 12
54 183 1
60 183 25
62 183 169
67 183 2
73 183 4
77 183 1
98 183 2
99 183 1
100 183 4
103 183 23
118 183 7
119 183 3
125 183 1
126 183 6
152 183 1
156 183 1
163 183 1
170 183 4
171 183 5
173 183 1
174 183 65
17 184 22
29 184 1
49 184 65
50 184 2
51 184 6
52 184 3
59 184 222
60 184 279
63 184 13
71 184 1
72 184 23
73 184 17
78 184 1
93 184 1
97 184 1
98 184 48
99 184 1
100 184 22
118 184 13
122 184 1
126 184 6
131 184 2
138 184 5
147 184 9
148 184 13
159 184 24
170 184 3
171 184 108
173 184 28
174 184 18
177 184 3
180 184 53
183 184 14
49 185 16
53 185 2
54 185 1
60 185 15
73 185 1
118 185 10
126 185 1
170 185 4
171 185 2
174 185 1
177 185 1
180 185 3
183 185 13
184 185 2
14 186 6
30 186 32
31 186 4
37 186 3
43 186 3
56 186 4
57 186 11
58 186 32
70 186 2
77 186 29
78 186 4
79 186 2
82 186 32
83 186 41
84 186 4
94 186 6
101 186 1
104 186 1
108 186 3
111 186 7
122 186 2
124 186 31
127 186 116
132 186 23
135 186 28
161 186 1
163 186 168
175 186 123
176 186 11
178 186 4
179 186 93
181 186 20
182 186 20
9 187 1
21 187 2
22 187 7
49 187 112
50 187 19
51 187 1
53 187 2
54 187 5
60 187 104
63 187 1
67 187 1
73 187 31
75 187 1
95 187 12
98 187 5
100 187 6
118 187 2
125 187 2
126 187 1
131 187 1
149 187 2
158 187 6
168 187 4
170 187 29
171 187 1
173 187 3
174 187 26
177 187 14
180 187 12
183 187 4
184 187 13
185 187 3
23 188 1
25 188 1
49 188 7
59 188 43
60 188 4
63 188 1
72 188 5
73 188 30
82 188 1
98 188 3
99 188 1
100 188 4
107 188 41
108 188 8
123 188 3
125 188 24
126 188 126
162 188 7
167 188 1
170 188 260
171 188 15
173 188 8
174 188 18
177 188 225
183 188 3
184 188 6
187 188 1
27 189 1
49 189 12
53 189 2
59 189 3
60 189 1
62 189 20
63 189 156
73 189 3
98 189 6
99 189 47
100 189 49
103 189 10
118 189 2
122 189 1
125 189 2
126 189 4
149 189 7
152 189 1
170 189 4
171 189 2
173 189 1
174 189 24
177 189 2
183 189 234
184 189 169
185 189 1
187 189 4
188 189 13
49 190 1
51 190 1
67 190 6
75 190 5
146 190 813
160 190 2
169 190 12
30 191 1
31 191 1
32 191 1
36 191 2
37 191 1
57 191 6
58 191 3
77 191 4
78 191 2
81 191 1
84 191 177
88 191 1
99 191 1
107 191 2
108 191 3
132 191 9
135 191 1
138 191 2
139 191 6
159 191 1
161 191 527
175 191 1
176 191 2
178 191 3
179 191 5
181 191 1
182 191 1
186 191 5
17 192 1
31 192 1
76 192 1
77 192 62
78 192 12
79 192 2
112 192 1
122 192 22
123 192 1
134 192 1
161 192 1
163 192 118
175 192 48
176 192 5
178 192 12
179 192 8
181 192 246
182 192 3
186 192 2
30 193 109
31 193 8
58 193 33
60 193 1
77 193 21
78 193 82
82 193 3
84 193 69
98 193 1
122 193 6
161 193 1
163 193 29
175 193 6
176 193 291
179 193 1
181 193 1
186 193 8
192 193 3
22 194 2
49 194 4
53 194 15
60 194 3
71 194 20
72 194 49
73 194 8
80 194 3
81 194 12
85 194 1
98 194 2
99 194 2
100 194 2
118 194 30
125 194 1
126 194 12
128 194 3
131 194 1
164 194 34
165 194 1
170 194 14
171 194 4
174 194 3
177 194 2
183 194 2
184 194 1
185 194 1
186 194 1
188 194 6
2 195 1
3 195 1
13 195 1
49 195 484
59 195 374
60 195 76
62 195 16
63 195 101
72 195 4
84 195 1
98 195 159
99 195 30
100 195 602
118 195 48
123 195 2
125 195 1
126 195 12
169 195 1
170 195 7
173 195 1
174 195 15
177 195 1
183 195 2
187 195 1
189 195 52
194 195 1
11 196 2
22 196 4
49 196 22
50 196 2
51 196 57
52 196 3
53 196 1
59 196 2
60 196 13
67 196 2
71 196 3
72 196 26
73 196 264
96 196 1
99 196 3
100 196 2
103 196 2
118 196 7
120 196 5
126 196 7
157 196 1
160 196 3
170 196 33
171 196 26
172 196 1
173 196 72
174 196 17
177 196 9
178 196 1
183 196 6
184 196 86
185 196 1
187 196 32
188 196 6
189 196 10
194 196 8
195 196 1
5 197 58
6 197 1
12 197 11
13 197 2
19 197 1
20 197 3
89 197 221
90 197 23
105 197 1
106 197 120
112 197 5
113 197 17
134 197 19
135 197 1
6 198 2
17 198 292
18 198 3
30 198 1
58 198 4
72 198 1
77 198 1
78 198 1
84 198 22
132 198 1
138 198 480
139 198 1169
159 198 2
161 198 31
178 198 1
179 198 1
181 198 1
184 198 1
186 198 2
191 198 4
6 199 1
17 199 1
67 199 1
88 199 1
93 199 5
125 199 6
131 199 3
138 199 1
142 199 1
147 199 5
148 199 28
159 199 175
161 199 3
171 199 4
181 199 1
184 199 20
195 199 1
198 199 11
91 200 1
96 200 1
131 200 2
147 200 1
199 200 2
49 201 8
51 201 6
52 201 1
53 201 7
59 201 1
60 201 62
63 201 10
67 201 2
72 201 5
73 201 1
76 201 1
98 201 5
99 201 4
100 201 1
118 201 2
126 201 23
146 201 23
156 201 1
170 201 1
174 201 2
177 201 2
180 201 7
183 201 1
184 201 10
187 201 1
188 201 18
194 201 15
195 201 2
196 201 3
9 202 3
11 202 107
12 202 1
49 202 1
59 202 1
75 202 1
104 202 2
115 202 1
136 202 7
140 202 9
141 202 49
142 202 3
144 202 162
145 202 12
150 202 2
153 202 1
156 202 1
159 202 3
160 202 1
166 202 15
167 202 1
172 202 79
177 202 2
184 202 4
188 202 3
190 202 1
199 202 3
6 203 1
34 203 27
35 203 152
49 203 3
50 203 1
73 203 1
147 203 2
148 203 5
195 203 2
199 203 5
200 203 12
35 204 1
76 204 19
148 204 4
199 204 1
203 204 20
8 205 1
9 205 5
10 205 1
11 205 18
18 205 2
49 205 1
53 205 1
70 205 1
89 205 2
98 205 1
103 205 1
105 205 1
133 205 22
136 205 2
140 205 1
141 205 123
142 205 22
144 205 72
145 205 4
159 205 2
163 205 1
166 205 13
172 205 179
184 205 10
189 205 1
196 205 4
199 205 1
202 205 132
4 206 1
31 206 17
57 206 32
58 206 21
77 206 2
78 206 1
79 206 1
84 206 83
92 206 1
107 206 1
108 206 22
115 206 2
127 206 5
138 206 6
161 206 27
163 206 43
175 206 2
176 206 35
178 206 53
179 206 1
181 206 2
191 206 3
193 206 59
198 206 2
20 207 5
32 207 1
34 207 2
35 207 1
36 207 1
49 207 1
71 207 1
72 207 17
77 207 1
112 207 1
147 207 2
148 207 8
150 207 2
172 207 2
199 207 15
200 207 3
203 207 105
11 208 1
34 208 2
72 208 2
148 208 1
199 208 3
200 208 13
203 208 18
204 208 1
207 208 16
30 209 3
31 209 940
32 209 1
57 209 1
58 209 15
61 209 1
77 209 8
78 209 2
92 209 1
103 209 5
107 209 1
108 209 1
127 209 2
132 209 38
161 209 6
163 209 5
175 209 92
176 209 416
178 209 134
179 209 42
181 209 1
182 209 32
186 209 13
191 209 1
206 209 34
8 210 1
28 210 4
31 210 18
36 210 1
38 210 1
57 210 1
58 210 20
77 210 10
78 210 18
79 210 7
84 210 1
85 210 6
91 210 1
101 210 47
122 210 1
132 210 12
161 210 6
163 210 3
175 210 1
179 210 3
191 210 3
198 210 1
5 211 1
18 211 1
20 211 2
32 211 2
39 211 1
45 211 1
46 211 3
78 211 1
89 211 2
90 211 3
104 211 1
106 211 5
112 211 1
134 211 6
12 212 1
18 212 2
19 212 6
20 212 1
44 212 5
45 212 7
46 212 126
89 212 5
104 212 1
105 212 2
112 212 3
113 212 1
134 212 11
168 212 1
207 212 1
211 212 408
35 213 3
43 213 7
50 213 1
71 213 12
72 213 5
90 213 1
108 213 1
126 213 1
152 213 21
169 213 14
186 213 1
187 213 2
199 213 51
203 213 10
204 213 2
207 213 14
208 213 3
11 214 1
13 214 1
16 214 1
35 214 2
39 214 6
40 214 2
49 214 1
60 214 2
147 214 2
152 214 4
168 214 2
184 214 1
199 214 4
203 214 3
207 214 10
213 214 33
35 215 4
51 215 4
63 215 5
72 215 1
75 215 2
125 215 3
147 215 3
148 215 13
199 215 247
200 215 8
203 215 531
207 215 171
208 215 9
213 215 201
214 215 9
5 216 30
6 216 516
12 216 1
13 216 2
18 216 9
20 216 3
45 216 2
84 216 1
89 216 106
90 216 4
104 216 3
105 216 5
106 216 1
112 216 182
113 216 38
134 216 19
167 216 6
171 216 1
195 216 1
197 216 1
215 216 1
5 217 154
6 217 1393
10 217 3
12 217 2
13 217 17
18 217 24
20 217 3
65 217 1
89 217 12
102 217 1
104 217 10
105 217 75
106 217 2
112 217 9
113 217 14
118 217 1
133 217 9
134 217 1
140 217 2
150 217 7
178 217 1
216 217 1183
6 218 14
11 218 4
12 218 32
13 218 1
18 218 16
20 218 6
44 218 2
46 218 12
89 218 2
90 218 2
93 218 1
104 218 1
105 218 1
106 218 2
112 218 56
122 218 4
134 218 44
145 218 1
150 218 4
166 218 1
174 218 1
211 218 9
212 218 10
216 218 3
217 218 15
6 219 8
9 219 3
11 219 23
12 219 1
13 219 1
18 219 18
20 219 8
44 219 1
45 219 1
89 219 2
90 219 2
104 219 1
105 219 4
106 219 1
112 219 26
113 219 1
122 219 8
126 219 1
134 219 34
197 219 1
211 219 9
212 219 3
213 219 1
216 219 1
217 219 12
218 219 949
16 220 10
17 220 4
29 220 1
30 220 1
36 220 1
57 220 7
58 220 19
77 220 2
78 220 10
79 220 5
84 220 7
101 220 13
123 220 1
132 220 18
138 220 3
139 220 2
161 220 76
163 220 2
171 220 1
176 220 1
178 220 1
179 220 1
181 220 4
191 220 2
210 220 19
28 221 3
30 221 4
31 221 2
57 221 1
58 221 44
77 221 5
78 221 117
79 221 43
84 221 2
85 221 15
101 221 16
107 221 1
122 221 1
132 221 258
138 221 7
139 221 8
161 221 7
163 221 4
176 221 1
181 221 1
186 221 45
191 221 4
198 221 2
206 221 18
210 221 106
220 221 97
2 222 1
5 222 73
6 222 27
12 222 36
13 222 18
17 222 2
18 222 79
45 222 9
89 222 4
104 222 1
105 222 2
106 222 3
112 222 3
113 222 4
134 222 5
138 222 1
139 222 3
150 222 1
175 222 1
197 222 2
198 222 1
211 222 13
212 222 1
216 222 3
217 222 39
26 223 11
34 223 1
49 223 1
68 223 29
75 223 15
143 223 1
148 223 3
151 223 35
154 223 3
157 223 16
161 223 1
191 223 1
199 223 9
200 223 1
203 223 7
207 223 20
213 223 34
214 223 1
215 223 63
12 224 3
18 224 5
19 224 1
20 224 25
31 224 1
44 224 1
45 224 1
104 224 25
105 224 7
134 224 1
150 224 1
163 224 1
207 224 1
211 224 9
217 224 45
218 224 9
219 224 837
14 225 2
15 225 1
17 225 25
28 225 8
43 225 3
55 225 9
56 225 8
59 225 1
61 225 1
65 225 1
76 225 2
82 225 5
83 225 1
87 225 43
88 225 6
94 225 1
107 225 2
110 225 16
111 225 2
121 225 9
122 225 3
124 225 1
135 225 14
209 225 1
220 225 14
221 225 1
5 226 8
6 226 128
9 226 1
13 226 363
18 226 3
20 226 7
31 226 1
33 226 1
60 226 1
75 226 14
89 226 6
90 226 1
104 226 80
105 226 12
106 226 3
112 226 4
113 226 3
133 226 1
134 226 3
150 226 1
165 226 1
195 226 1
211 226 5
212 226 1
217 226 24
218 226 9
219 226 10
222 226 23
224 226 8
5 227 1
34 227 36
35 227 13
82 227 1
117 227 1
118 227 1
131 227 8
148 227 1
171 227 1
183 227 1
184 227 4
199 227 30
200 227 112
203 227 117
204 227 2
207 227 10
208 227 110
214 227 1
215 227 107
223 227 1
5 228 1
9 228 20
13 228 1
15 228 1
18 228 2
20 228 3
43 228 2
44 228 52
46 228 1
60 228 1
89 228 5
90 228 2
104 228 2
112 228 38
113 228 6
134 228 4
175 228 1
211 228 57
216 228 67
217 228 3
224 228 4
226 228 1
5 229 3
6 229 6
12 229 15
13 229 5
18 229 4
19 229 3
32 229 1
44 229 16
45 229 2
46 229 1
89 229 3
104 229 3
105 229 8
113 229 3
134 229 37
140 229 1
212 229 87
216 229 2
218 229 57
219 229 25
226 229 102
228 229 1
5 230 189
6 230 7
12 230 6
13 230 2
18 230 7
20 230 16
65 230 1
89 230 13
104 230 4
106 230 1
112 230 2
113 230 1
134 230 15
174 230 1
197 230 4
209 230 1
212 230 1
216 230 1
217 230 1
222 230 1
228 230 1
229 230 5
17 231 1
23 231 1
27 231 7
36 231 1
49 231 44
50 231 2
51 231 1
52 231 47
53 231 560
54 231 136
60 231 395
62 231 83
67 231 178
68 231 1
73 231 1
75 231 1
103 231 1
109 231 1
118 231 1
125 231 1
149 231 1
170 231 1
171 231 3
173 231 2
177 231 2
180 231 29
184 231 1
185 231 9
187 231 37
194 231 13
201 231 165
14 232 17
15 232 2
16 232 3
32 232 2
33 232 2
43 232 4
55 232 3
61 232 27
64 232 2
65 232 4
73 232 1
78 232 2
82 232 2
83 232 2
87 232 4
88 232 17
103 232 1
107 232 2
108 232 2
110 232 2
116 232 1
122 232 7
124 232 20
125 232 1
135 232 2
225 232 100
30 233 10
31 233 2
36 233 14
38 233 7
39 233 2
60 233 1
101 233 1
132 233 1
138 233 1
159 233 16
176 233 6
178 233 1
179 233 49
181 233 239
182 233 1
185 233 1
186 233 10
191 233 3
192 233 2
193 233 2
199 233 3
209 233 1
220 233 1
147 234 1
203 234 3
207 234 9
208 234 3
213 234 14
215 234 76
223 234 4
227 234 1
9 235 41
10 235 21
11 235 223
17 235 1
23 235 1
72 235 1
112 235 15
122 235 35
133 235 37
136 235 3
141 235 69
142 235 2
144 235 1
150 235 8
171 235 1
172 235 3
178 235 1
196 235 1
202 235 4
205 235 5
218 235 1
228 235 1
17 236 1
30 236 1
55 236 6
56 236 2
83 236 1
87 236 25
88 236 2
110 236 5
111 236 26
122 236 1
135 236 9
198 236 7
222 236 1
225 236 3
232 236 23
17 237 1
28 237 1
29 237 4
47 237 10
55 237 1
56 237 6
64 237 1
77 237 1
80 237 3
82 237 1
87 237 2
88 237 1
107 237 3
110 237 3
111 237 74
115 237 1
121 237 1
122 237 3
135 237 23
169 237 1
220 237 1
15 238 2
16 238 1
42 238 1
47 238 5
55 238 2
82 238 1
87 238 1
88 238 24
107 238 1
122 238 1
123 238 18
124 238 1
135 238 1
178 238 1
179 238 1
192 238 8
225 238 1
232 238 1
237 238 6
9 239 1
11 239 1
15 239 1
20 239 1
31 239 8
37 239 1
55 239 7
56 239 3
82 239 5
88 239 183
94 239 1
108 239 2
110 239 5
122 239 13
123 239 2
135 239 6
175 239 1
176 239 14
178 239 5
206 239 1
225 239 5
232 239 1
237 239 1
238 239 30
9 240 1
88 240 4
179 240 1
239 240 17
14 241 1
55 241 1
56 241 2
82 241 1
87 241 5
88 241 3
110 241 25
111 241 16
123 241 1
135 241 1
139 241 3
198 241 2
225 241 2
232 241 19
236 241 877
237 241 2
27 242 1
34 242 1
53 242 15
67 242 15
68 242 1
75 242 18
109 242 10
125 242 2
147 242 15
171 242 1
203 242 2
213 242 5
215 242 1
231 242 3
5 243 9
9 243 2
12 243 48
13 243 2
18 243 101
19 243 37
20 243 131
21 243 1
35 243 1
44 243 19
45 243 1
56 243 1
60 243 2
77 243 1
78 243 1
89 243 9
90 243 1
104 243 42
105 243 59
106 243 4
112 243 18
113 243 5
134 243 36
140 243 143
142 243 1
145 243 2
147 243 3
150 243 3
158 243 1
197 243 3
212 243 36
213 243 2
216 243 4
217 243 3
218 243 122
219 243 30
224 243 19
226 243 7
228 243 1
229 243 238
230 243 8
18 244 1
35 244 33
49 244 1
122 244 1
147 244 157
148 244 32
159 244 3
174 244 1
184 244 58
199 244 10
207 244 4
214 244 6
223 244 1
243 244 4
14 245 3
43 245 3
51 245 3
55 245 20
56 245 1
58 245 5
61 245 1
77 245 6
82 245 25
83 245 11
87 245 8
88 245 41
110 245 1
111 245 7
115 245 1
116 245 4
122 245 13
124 245 5
127 245 2
135 245 17
159 245 1
162 245 1
163 245 8
186 245 7
192 245 1
225 245 1
232 245 1
236 245 1
237 245 4
239 245 2
18 246 3
55 246 119
72 246 2
82 246 1
87 246 242
88 246 24
107 246 10
111 246 2
115 246 1
116 246 3
135 246 18
236 246 1
238 246 36
241 246 2
245 246 12
15 247 4
43 247 1
51 247 1
55 247 85
56 247 12
82 247 1
83 247 1
87 247 18
88 247 12
107 247 3
108 247 2
111 247 2
122 247 1
124 247 2
135 247 18
171 247 12
225 247 4
232 247 13
237 247 1
238 247 40
239 247 7
245 247 9
246 247 257
4 248 1
35 248 1
75 248 6
107 248 1
141 248 1
147 248 2
148 248 1
184 248 1
200 248 1
203 248 1
207 248 1
208 248 1
213 248 9
214 248 2
215 248 5
223 248 16
227 248 1
228 248 4
234 248 6
5 249 4
6 249 8
9 249 1
10 249 1
11 249 2
12 249 21
13 249 7
18 249 55
19 249 80
20 249 21
35 249 1
45 249 2
46 249 3
66 249 1
83 249 1
89 249 17
90 249 2
93 249 1
104 249 6
105 249 5
106 249 1
112 249 10
113 249 11
134 249 47
140 249 1
152 249 1
197 249 9
207 249 16
211 249 1
212 249 3
216 249 10
217 249 30
218 249 22
219 249 4
222 249 36
223 249 1
224 249 69
226 249 3
228 249 2
229 249 23
230 249 2
243 249 64
12 250 5
13 250 1
34 250 1
35 250 4
52 250 1
53 250 1
108 250 1
112 250 1
117 250 1
120 250 1
154 250 1
176 250 1
203 250 2
207 250 2
210 250 1
212 250 1
214 250 26
227 250 2
231 250 1
239 250 1
248 250 5
6 251 1
12 251 1
18 251 1
20 251 1
35 251 7
45 251 1
89 251 1
104 251 1
112 251 3
113 251 2
126 251 1
134 251 3
140 251 10
145 251 3
147 251 28
148 251 55
166 251 1
197 251 3
207 251 1
211 251 2
214 251 1
216 251 1
218 251 1
226 251 11
229 251 217
243 251 41
244 251 48
249 251 3
5 252 1
24 252 1
29 252 8
55 252 5
82 252 2
87 252 1
88 252 2
91 252 1
103 252 1
110 252 2
111 252 25
113 252 1
122 252 45
135 252 1
167 252 1
225 252 2
236 252 2
237 252 14
238 252 9
239 252 2
241 252 4
245 252 3
34 253 7
35 253 4
46 253 1
72 253 27
75 253 2
147 253 1
148 253 1
194 253 1
203 253 1
207 253 15
215 253 9
223 253 2
227 253 2
234 253 2
242 253 1
244 253 2
248 253 32
249 253 1
250 253 3
34 254 32
35 254 2
36 254 1
147 254 2
148 254 3
159 254 1
200 254 41
203 254 58
207 254 102
208 254 12
213 254 1
215 254 80
223 254 29
227 254 2
234 254 1
5 255 1
35 255 3
72 255 1
141 255 1
142 255 1
148 255 12
199 255 1
203 255 2
207 255 9
208 255 1
213 255 1
214 255 6
215 255 17
227 255 5
242 255 3
244 255 3
248 255 1
250 255 4
253 255 16
254 255 81
34 256 1
35 256 2
36 256 8
38 256 6
49 256 2
72 256 9
84 256 1
125 256 1
147 256 1
148 256 2
177 256 1
184 256 1
199 256 48
203 256 84
204 256 2
207 256 120
208 256 9
213 256 4
214 256 1
215 256 77
223 256 32
227 256 7
234 256 10
248 256 3
250 256 1
251 256 2
253 256 5
254 256 2
255 256 29
142 257 29
147 257 2
199 257 1
203 257 1
207 257 34
213 257 3
214 257 2
215 257 14
223 257 2
227 257 1
242 257 2
244 257 1
248 257 8
250 257 5
253 257 43
255 257 146
256 257 1
8 258 2
9 258 1
11 258 9
14 258 1
18 258 1
84 258 1
98 258 1
103 258 11
133 258 22
136 258 3
140 258 2
141 258 146
142 258 1
144 258 8
145 258 6
150 258 2
166 258 6
171 258 1
172 258 17
196 258 6
202 258 100
205 258 994
235 258 4
5 259 22
6 259 5
9 259 1
12 259 3
13 259 147
18 259 99
19 259 11
20 259 10
27 259 1
44 259 1
45 259 14
54 259 2
89 259 1
90 259 6
103 259 1
104 259 16
105 259 3
106 259 2
107 259 1
108 259 3
112 259 2
113 259 15
134 259 22
138 259 3
139 259 2
150 259 1
159 259 1
197 259 1
211 259 1
216 259 15
218 259 5
219 259 9
222 259 71
224 259 227
226 259 16
228 259 1
229 259 202
230 259 2
243 259 156
249 259 3
251 259 2
49 260 134
51 260 8
59 260 9
60 260 3
72 260 1
73 260 2
118 260 6
171 260 1
173 260 37
188 260 2
194 260 4
196 260 17
15 261 1
43 261 2
55 261 9
56 261 2
82 261 2
86 261 1
87 261 3
88 261 154
108 261 2
110 261 4
123 261 2
135 261 1
148 261 1
155 261 1
175 261 2
179 261 3
225 261 3
232 261 15
235 261 1
236 261 1
238 261 76
239 261 627
240 261 4
241 261 1
245 261 6
247 261 9
252 261 1
5 262 14
6 262 32
12 262 1
13 262 186
17 262 6
18 262 95
19 262 1
20 262 6
45 262 9
51 262 1
70 262 1
77 262 1
90 262 4
105 262 1
108 262 1
112 262 7
113 262 6
138 262 3
159 262 1
167 262 1
198 262 1
215 262 1
216 262 4
217 262 2
218 262 8
219 262 11
222 262 113
226 262 122
229 262 3
230 262 1
243 262 1
249 262 1
251 262 1
259 262 128
34 263 8
35 263 10
49 263 3
51 263 6
71 263 1
75 263 12
82 263 1
83 263 1
113 263 1
119 263 1
122 263 1
139 263 1
142 263 3
143 263 1
147 263 4
148 263 4
161 263 1
200 263 2
201 263 3
203 263 511
207 263 19
208 263 10
210 263 1
214 263 9
215 263 8
218 263 1
222 263 1
223 263 1
227 263 18
231 263 2
242 263 16
250 263 1
255 263 2
256 263 2
257 263 5
15 264 6
43 264 3
56 264 2
61 264 1
65 264 24
78 264 1
82 264 4
83 264 3
87 264 26
101 264 1
108 264 1
110 264 16
122 264 3
123 264 6
124 264 1
130 264 1
135 264 10
178 264 1
182 264 1
205 264 1
225 264 2
232 264 59
236 264 27
237 264 5
238 264 5
241 264 15
245 264 7
246 264 4
247 264 24
252 264 9
261 264 1
9 265 36
10 265 1
11 265 23
36 265 1
53 265 1
103 265 1
133 265 7
136 265 2
140 265 3
141 265 158
142 265 35
144 265 23
145 265 1
150 265 4
166 265 1
172 265 151
184 265 1
202 265 97
205 265 131
235 265 1
258 265 289
263 265 1
14 266 2
15 266 5
31 266 2
43 266 5
55 266 1
56 266 2
77 266 3
78 266 1
82 266 2
83 266 4
84 266 1
85 266 1
87 266 9
88 266 1
96 266 1
111 266 1
122 266 9
123 266 17
124 266 5
135 266 10
138 266 3
163 266 1
178 266 2
179 266 1
181 266 1
182 266 4
186 266 2
209 266 1
225 266 2
229 266 1
232 266 1
239 266 2
241 266 2
246 266 2
247 266 12
252 266 2
261 266 2
264 266 4
14 267 9
15 267 2
43 267 6
49 267 3
56 267 4
73 267 1
81 267 1
82 267 4
83 267 1
84 267 1
87 267 3
88 267 6
123 267 1
124 267 1
135 267 33
177 267 1
186 267 4
201 267 1
225 267 2
232 267 1
238 267 2
239 267 4
245 267 73
247 267 1
252 267 74
261 267 13
264 267 8
266 267 8
9 268 4
10 268 1
11 268 4
89 268 6
104 268 7
136 268 9
140 268 1
141 268 1
142 268 11
144 268 3
145 268 41
160 268 1
166 268 42
172 268 9
184 268 1
202 268 26
205 268 17
235 268 2
256 268 2
258 268 42
265 268 7
9 269 1
11 269 1
39 269 1
67 269 1
133 269 2
140 269 1
141 269 2
142 269 4
144 269 71
145 269 215
150 269 4
159 269 1
166 269 159
172 269 1
202 269 40
205 269 15
217 269 1
235 269 3
256 269 4
258 269 8
268 269 81
51 270 144
52 270 317
69 270 1
93 270 20
95 270 2949
119 270 1
120 270 2
149 270 4
158 270 59
159 270 24
164 270 16
168 270 1
169 270 25
173 270 1
1 271 10
2 271 53
21 271 17
22 271 343
25 271 4
26 271 5
27 271 2
39 271 1
45 271 1
49 271 20
50 271 11
52 271 4
67 271 1
71 271 3
74 271 11
75 271 3
77 271 1
78 271 1
80 271 3
81 271 7
93 271 34
100 271 1
102 271 8
103 271 5
109 271 2
128 271 12
131 271 2
149 271 1
152 271 5
153 271 3
154 271 1
155 271 4
159 271 1
167 271 5
174 271 2
177 271 1
187 271 1
231 271 1
9 272 41
10 272 1
11 272 6
60 272 1
112 272 2
133 272 2
136 272 215
137 272 2
141 272 27
142 272 22
144 272 51
145 272 22
150 272 9
166 272 11
172 272 10
202 272 17
205 272 2
217 272 1
231 272 1
243 272 2
255 272 1
258 272 5
265 272 11
268 272 7
269 272 7
9 273 20
112 273 1
136 273 15
137 273 8
141 273 5
142 273 4
144 273 28
145 273 32
150 273 1
166 273 72
172 273 4
202 273 2
219 273 1
258 273 2
265 273 1
268 273 17
269 273 6
272 273 164
22 274 6
60 274 4
63 274 1
72 274 1
73 274 1
75 274 2
100 274 10
170 274 34
171 274 3
173 274 1
174 274 7
177 274 1
183 274 9
185 274 2
187 274 2
188 274 8
189 274 1
194 274 50
196 274 515
23 275 6
24 275 7
27 275 4
51 275 17
53 275 8
54 275 9
60 275 1
63 275 28
67 275 28
69 275 3
74 275 1
75 275 33
95 275 15
96 275 8
118 275 1
119 275 28
120 275 22
146 275 19
151 275 1
155 275 3
157 275 82
158 275 40
159 275 3
162 275 1
164 275 4
165 275 2
168 275 3
169 275 1
180 275 8
196 275 1
201 275 3
215 275 2
223 275 1
231 275 4
270 275 11
9 276 12
10 276 2
11 276 3
104 276 3
133 276 3
136 276 6
140 276 1
141 276 1
142 276 3
144 276 9
145 276 27
150 276 2
166 276 17
172 276 4
202 276 10
205 276 69
235 276 3
256 276 1
258 276 1
265 276 3
268 276 554
269 276 24
272 276 3
273 276 4
9 277 1
14 277 10
15 277 4
29 277 17
30 277 3
43 277 6
55 277 9
56 277 29
58 277 4
61 277 1
77 277 2
82 277 34
83 277 32
87 277 2
88 277 4
111 277 50
122 277 11
123 277 1
124 277 37
127 277 3
135 277 86
163 277 29
167 277 1
186 277 79
232 277 1
236 277 29
237 277 16
238 277 1
239 277 4
241 277 1
245 277 635
247 277 11
252 277 36
261 277 12
264 277 1
266 277 3
267 277 372
134 278 2
136 278 23
137 278 28
141 278 19
142 278 2
144 278 1
145 278 7
166 278 5
205 278 1
258 278 1
265 278 1
272 278 4
273 278 5
276 278 7
1 279 64
2 279 38
21 279 2
22 279 89
25 279 3
26 279 1
27 279 2
39 279 1
71 279 2
72 279 1
74 279 3
75 279 36
80 279 9
81 279 2
94 279 1
102 279 3
103 279 1
109 279 2
128 279 3
131 279 37
149 279 1
151 279 75
152 279 1
153 279 1
155 279 24
167 279 4
169 279 1
271 279 82
9 280 155
10 280 2
11 280 5
63 280 1
105 280 1
133 280 1
136 280 154
137 280 1
140 280 8
141 280 2
142 280 2
144 280 11
145 280 12
150 280 9
166 280 2
172 280 4
202 280 3
205 280 15
235 280 27
258 280 13
265 280 1
268 280 31
272 280 16
273 280 2
276 280 24
278 280 1
9 281 59
10 281 52
11 281 5
19 281 1
35 281 1
37 281 1
51 281 1
70 281 1
89 281 9
104 281 3
105 281 3
133 281 163
136 281 9
137 281 2
141 281 10
142 281 35
144 281 8
145 281 13
150 281 73
166 281 3
172 281 372
202 281 2
205 281 5
215 281 2
216 281 1
217 281 15
224 281 5
227 281 1
235 281 7
243 281 1
258 281 5
265 281 9
268 281 266
272 281 10
276 281 10
278 281 20
280 281 8
34 282 1
35 282 1
148 282 1
199 282 1
200 282 1
203 282 3
207 282 2
214 282 90
215 282 1
223 282 9
227 282 11
234 282 1
248 282 2
250 282 7
255 282 1
281 282 1
11 283 1
23 283 62
24 283 266
51 283 1
60 283 1
67 283 11
96 283 4
114 283 1
119 283 1
120 283 1
146 283 2
155 283 8
156 283 21
158 283 1
162 283 434
215 283 1
234 283 1
270 283 3
275 283 16
15 284 2
43 284 2
55 284 1
56 284 4
82 284 15
83 284 5
110 284 3
111 284 2
122 284 8
123 284 152
124 284 2
135 284 7
192 284 5
236 284 1
237 284 3
238 284 24
239 284 1
241 284 1
245 284 1
264 284 7
266 284 58
267 284 1
9 285 13
10 285 1
11 285 1
35 285 33
51 285 2
104 285 1
112 285 1
133 285 1
136 285 4
140 285 1
141 285 3
142 285 1
144 285 74
145 285 29
147 285 86
148 285 72
150 285 2
159 285 2
166 285 44
172 285 1
184 285 4
202 285 21
205 285 14
207 285 1
226 285 3
244 285 125
251 285 120
258 285 5
265 285 4
268 285 7
269 285 4
272 285 32
273 285 21
276 285 10
278 285 6
280 285 4
281 285 9
15 286 6
17 286 1
18 286 1
38 286 1
55 286 370
56 286 13
83 286 1
85 286 1
87 286 1411
88 286 21
107 286 3
108 286 4
110 286 1
111 286 2
135 286 5
161 286 1
178 286 1
198 286 5
225 286 26
232 286 3
236 286 31
237 286 3
238 286 2
241 286 18
245 286 12
246 286 66
247 286 55
252 286 1
261 286 5
264 286 41
5 287 2
9 287 253
11 287 7
38 287 4
90 287 6
105 287 2
133 287 2
136 287 5
140 287 1
141 287 924
142 287 287
144 287 7
145 287 9
147 287 4
148 287 1
150 287 10
157 287 1
166 287 1
172 287 300
178 287 3
181 287 1
196 287 1
197 287 11
202 287 5
203 287 1
205 287 69
207 287 2
209 287 1
211 287 1
214 287 1
215 287 1
216 287 1
217 287 1
228 287 1
233 287 1
235 287 6
243 287 1
244 287 1
248 287 1
249 287 1
255 287 1
256 287 1
257 287 1
258 287 29
263 287 2
265 287 209
268 287 2
269 287 10
272 287 9
273 287 6
278 287 1
280 287 9
281 287 11
285 287 1
9 288 4
11 288 2
18 288 1
25 288 1
32 288 1
100 288 1
103 288 1
133 288 5
136 288 6
140 288 2
144 288 7
145 288 3
152 288 1
153 288 1
159 288 1
166 288 2
172 288 3
185 288 1
202 288 133
205 288 15
216 288 1
258 288 86
265 288 30
268 288 9
269 288 98
272 288 11
276 288 1
280 288 13
281 288 2
285 288 1
287 288 2
78 289 1
79 289 1
122 289 1
220 289 1
221 289 8
266 289 21
36 290 1
117 290 2
133 290 3
140 290 42
142 290 1
145 290 22
150 290 6
166 290 5
172 290 2
202 290 3
205 290 40
217 290 24
218 290 1
219 290 1
226 290 14
229 290 11
262 290 1
265 290 1
268 290 15
272 290 1
276 290 1
278 290 2
280 290 5
281 290 4
285 290 2
9 291 7
11 291 2
133 291 1
136 291 1
141 291 1
142 291 3
144 291 1
145 291 2
166 291 1
172 291 1
202 291 73
205 291 38
235 291 2
258 291 60
265 291 7
268 291 3
269 291 1
272 291 1
280 291 3
281 291 1
285 291 7
287 291 4
9 292 3
10 292 1
11 292 10
103 292 1
127 292 1
133 292 3
135 292 1
136 292 8
137 292 49
140 292 1
141 292 15
142 292 13
144 292 2
145 292 5
150 292 2
166 292 5
172 292 10
177 292 4
180 292 1
188 292 1
202 292 40
205 292 27
217 292 1
235 292 4
258 292 11
265 292 28
268 292 11
269 292 3
272 292 6
273 292 5
276 292 3
278 292 1
280 292 1
281 292 4
285 292 1
287 292 131
288 292 1
291 292 313
1 293 1
9 293 91
10 293 47
11 293 9
13 293 2
18 293 4
20 293 3
60 293 1
100 293 1
104 293 26
105 293 47
112 293 1
113 293 1
133 293 1
134 293 1
136 293 1
140 293 1
141 293 3
142 293 13
144 293 3
145 293 7
150 293 31
170 293 1
172 293 128
202 293 8
205 293 1
207 293 1
217 293 3
218 293 1
219 293 2
224 293 4
226 293 2
229 293 5
235 293 3
243 293 4
249 293 1
262 293 1
265 293 2
268 293 20
269 293 3
272 293 2
276 293 1
280 293 17
281 293 20
285 293 1
287 293 1
288 293 1
290 293 4
291 293 3
292 293 1
35 294 1
75 294 1
148 294 1
149 294 9
152 294 2
183 294 1
199 294 6
200 294 14
203 294 10
204 294 1
207 294 4
208 294 43
213 294 5
214 294 1
215 294 2
223 294 1
227 294 45
234 294 3
244 294 3
248 294 3
253 294 54
254 294 14
256 294 7
263 294 20
281 294 1
12 295 8
18 295 6
44 295 37
45 295 1
46 295 1
90 295 5
105 295 3
112 295 1
140 295 2
212 295 3
226 295 3
228 295 1
229 295 58
243 295 74
249 295 1
251 295 14
13 296 1
18 296 1
19 296 1
35 296 4
49 296 1
104 296 4
105 296 2
147 296 2
148 296 1
199 296 7
200 296 2
207 296 532
208 296 18
213 296 41
214 296 8
215 296 9
223 296 3
227 296 2
234 296 17
242 296 1
244 296 1
247 296 1
248 296 6
249 296 7
250 296 24
254 296 289
255 296 1
256 296 13
263 296 7
268 296 1
281 296 3
285 296 1
287 296 1
293 296 5
294 296 9
35 297 53
42 297 1
105 297 1
112 297 1
145 297 1
147 297 150
148 297 97
159 297 4
184 297 18
205 297 1
207 297 5
208 297 2
215 297 3
223 297 2
227 297 1
244 297 137
248 297 4
251 297 8
257 297 3
263 297 8
282 297 3
285 297 13
296 297 5
5 298 4
6 298 22
13 298 2
18 298 32
19 298 5
20 298 22
44 298 1
45 298 3
46 298 2
77 298 1
89 298 11
90 298 1
104 298 2
105 298 31
112 298 23
113 298 5
133 298 2
134 298 21
136 298 1
145 298 2
150 298 3
197 298 2
205 298 1
211 298 4
212 298 2
215 298 1
216 298 9
217 298 40
218 298 8
219 298 13
222 298 1
226 298 2
228 298 5
229 298 7
230 298 14
235 298 2
243 298 191
249 298 6
251 298 3
259 298 10
262 298 3
281 298 14
285 298 7
290 298 1
293 298 20
295 298 14
9 299 18
11 299 3
17 299 1
18 299 1
74 299 1
103 299 1
133 299 10
136 299 8
140 299 3
141 299 4
142 299 4
144 299 21
145 299 8
166 299 28
172 299 5
178 299 1
202 299 21
205 299 185
228 299 5
235 299 2
258 299 63
265 299 15
268 299 7
269 299 10
272 299 13
276 299 43
280 299 16
281 299 7
285 299 4
287 299 3
288 299 311
290 299 5
291 299 1
292 299 5
293 299 3
298 299 2
9 300 1
11 300 10
17 300 1
18 300 1
133 300 1
142 300 4
144 300 1
202 300 52
205 300 1
258 300 4
265 300 5
268 300 6
273 300 1
280 300 1
285 300 112
287 300 2
288 300 1
291 300 305
292 300 148
299 300 7
9 301 6
112 301 1
122 301 1
136 301 5
137 301 1
140 301 1
141 301 161
142 301 96
144 301 53
145 301 43
166 301 96
172 301 5
202 301 9
205 301 8
217 301 1
258 301 2
265 301 36
269 301 2
272 301 95
273 301 600
276 301 5
278 301 1
279 301 1
280 301 10
281 301 4
285 301 14
286 301 1
287 301 174
288 301 2
290 301 1
291 301 65
292 301 800
293 301 1
299 301 5
300 301 13
28 302 1
31 302 39
47 302 1
49 302 2
57 302 53
58 302 48
60 302 1
61 302 1
64 302 18
77 302 86
78 302 4
79 302 2
82 302 18
83 302 4
84 302 160
97 302 1
107 302 2
108 302 7
115 302 23
116 302 16
125 302 1
127 302 46
130 302 4
132 302 7
135 302 1
138 302 2
148 302 1
161 302 33
163 302 66
175 302 10
176 302 164
178 302 119
179 302 1
181 302 2
182 302 2
186 302 76
191 302 3
206 302 816
209 302 75
217 302 1
220 302 1
221 302 3
226 302 1
239 302 7
261 302 1
262 302 1
266 302 2
277 302 1
5 303 1
9 303 158
10 303 1
11 303 15
18 303 3
41 303 1
51 303 1
53 303 1
60 303 1
75 303 1
112 303 3
113 303 2
133 303 4
134 303 1
136 303 16
141 303 35
142 303 189
144 303 2
145 303 22
166 303 1
172 303 20
178 303 2
202 303 1
205 303 27
207 303 1
217 303 6
218 303 3
226 303 2
228 303 16
235 303 44
249 303 3
257 303 1
258 303 25
262 303 2
263 303 1
265 303 15
268 303 2
269 303 3
272 303 2
273 303 1
276 303 5
280 303 12
281 303 7
282 303 1
287 303 7
288 303 18
290 303 31
291 303 3
292 303 23
293 303 5
298 303 1
299 303 20
301 303 79
22 304 1
49 304 1
59 304 1
60 304 5
72 304 21
145 304 1
164 304 10
166 304 1
171 304 1
173 304 1
177 304 1
188 304 1
194 304 29
273 304 1
9 305 6
10 305 1
11 305 2
60 305 1
95 305 10
112 305 3
133 305 3
136 305 44
140 305 1
141 305 12
142 305 243
144 305 102
145 305 10
150 305 3
166 305 5
172 305 13
202 305 9
205 305 33
217 305 5
218 305 1
235 305 4
258 305 11
265 305 10
268 305 11
269 305 11
271 305 1
272 305 152
273 305 43
276 305 15
278 305 3
280 305 85
281 305 28
285 305 3
287 305 152
288 305 1
291 305 8
292 305 57
293 305 11
299 305 17
300 305 7
301 305 527
303 305 78
5 306 3
6 306 17
11 306 1
13 306 10
18 306 2
31 306 1
45 306 4
89 306 158
106 306 1
107 306 3
112 306 5
113 306 4
134 306 7
148 306 1
161 306 1
192 306 1
211 306 1
216 306 11
222 306 12
228 306 6
259 306 14
262 306 3
287 306 5
298 306 1
9 307 14
136 307 1
141 307 24
142 307 71
265 307 3
272 307 2
285 307 2
287 307 31
291 307 1
299 307 7
300 307 1
301 307 53
305 307 2
148 308 2
199 308 2
207 308 1
213 308 2
30 309 24
31 309 1
56 309 5
58 309 6
61 309 1
77 309 2
78 309 28
79 309 1
101 309 1
132 309 81
138 309 6
139 309 1
161 309 42
163 309 3
175 309 1
181 309 11
192 309 2
193 309 13
198 309 1
221 309 44
35 310 18
43 310 2
145 310 1
200 310 2
203 310 6
204 310 2
205 310 1
207 310 2
213 310 1
214 310 15
215 310 3
223 310 3
227 310 1
250 310 6
256 310 3
282 310 12
301 310 1
303 310 45
34 311 1
35 311 2
104 311 1
148 311 1
199 311 2
203 311 7
204 311 4
207 311 2
213 311 3
214 311 124
215 311 2
227 311 1
250 311 2
256 311 3
263 311 3
272 311 1
282 311 71
296 311 1
303 311 9
310 311 50
14 312 7
15 312 22
29 312 1
43 312 6
49 312 1
55 312 1
61 312 1
65 312 3
82 312 2
83 312 21
86 312 9
88 312 2
103 312 1
122 312 3
123 312 1
124 312 12
135 312 12
175 312 2
186 312 1
220 312 1
232 312 283
235 312 1
236 312 9
241 312 11
245 312 1
247 312 4
256 312 1
261 312 2
264 312 203
266 312 1
267 312 5
277 312 2
5 313 5
9 313 165
10 313 1
11 313 4
12 313 2
90 313 1
106 313 4
133 313 4
134 313 5
136 313 2
141 313 103
142 313 116
144 313 29
150 313 1
169 313 3
172 313 10
197 313 1
205 313 1
235 313 3
249 313 2
265 313 2
272 313 1
276 313 2
280 313 14
281 313 9
285 313 6
287 313 12
291 313 1
292 313 1
299 313 12
300 313 1
301 313 417
305 313 40
23 314 2
24 314 3
51 314 212
52 314 29
60 314 1
67 314 25
72 314 3
93 314 2
95 314 7
96 314 1
103 314 1
119 314 4
120 314 7
158 314 1
159 314 48
162 314 14
165 314 2
172 314 1
173 314 56
187 314 1
196 314 64
258 314 1
260 314 9
270 314 1
275 314 1
283 314 1
205 315 2
256 315 4
258 315 1
268 315 3
269 315 9
280 315 1
285 315 1
288 315 16
299 315 495
9 316 228
10 316 4
11 316 438
41 316 1
66 316 44
100 316 1
101 316 1
112 316 32
113 316 1
126 316 2
133 316 11
136 316 2
141 316 14
142 316 2
144 316 14
150 316 1
172 316 10
177 316 1
205 316 7
235 316 28
258 316 3
269 316 19
272 316 1
281 316 40
287 316 17
291 316 1
292 316 2
293 316 1
299 316 1
303 316 4
305 316 1
313 316 4
49 317 21
51 317 2
59 317 8
60 317 11
62 317 2
63 317 1
72 317 2
73 317 3
98 317 9
99 317 1
100 317 23
107 317 17
118 317 1
125 317 7
126 317 899
135 317 1
170 317 281
173 317 20
174 317 228
177 317 71
184 317 3
185 317 1
187 317 3
188 317 20
189 317 2
194 317 1
195 317 1
196 317 2
239 317 1
261 317 1
264 317 2
298 317 1
312 317 1
1 318 13
2 318 67
21 318 34
22 318 61
25 318 16
27 318 29
71 318 1
74 318 21
75 318 1
80 318 2
81 318 12
93 318 4
102 318 11
103 318 9
109 318 4
126 318 1
127 318 1
128 318 7
131 318 13
149 318 1
151 318 1
152 318 2
153 318 22
155 318 253
159 318 1
167 318 3
169 318 3
271 318 5
279 318 197
23 319 1
24 319 2
75 319 1
155 319 1
162 319 121
164 319 3
260 319 1
268 319 1
49 320 2
51 320 3
60 320 8
62 320 2
63 320 3
67 320 13
72 320 120
73 320 6
95 320 1
98 320 129
100 320 6
126 320 4
159 320 2
170 320 2
171 320 1
173 320 2
174 320 4
177 320 4
184 320 63
185 320 3
187 320 3
188 320 1
189 320 3
194 320 1
195 320 1
196 320 3
201 320 1
274 320 5
281 320 1
314 320 1
317 320 7
1 321 4
2 321 11
6 321 1
9 321 1
11 321 1
22 321 50
25 321 1
26 321 2
27 321 8
39 321 17
40 321 27
74 321 1
75 321 9
81 321 5
93 321 65
102 321 2
103 321 1
131 321 1
138 321 5
139 321 4
142 321 1
143 321 1
149 321 3
150 321 1
152 321 3
154 321 1
155 321 2
158 321 1
159 321 4
161 321 1
167 321 1
171 321 4
199 321 2
265 321 1
271 321 5
279 321 1
318 321 1
11 322 2
202 322 1
215 322 1
265 322 2
269 322 1
276 322 1
280 322 1
281 322 14
301 322 127
305 322 20
21 323 54
22 323 45
25 323 8
26 323 4
27 323 17
71 323 7
75 323 3
80 323 2
81 323 4
93 323 1
96 323 1
102 323 207
103 323 5
109 323 2
128 323 8
145 323 2
149 323 9
152 323 11
153 323 5
155 323 3
166 323 2
167 323 72
169 323 3
178 323 2
194 323 27
205 323 1
209 323 3
218 323 1
263 323 2
271 323 4
279 323 4
304 323 108
318 323 3
321 323 1
57 324 1
77 324 3
132 324 1
161 324 84
163 324 14
176 324 42
179 324 1
186 324 1
191 324 35
192 324 1
206 324 114
209 324 3
223 324 1
302 324 3
124 325 1
232 325 8
35 326 1
71 326 4
72 326 49
80 326 19
81 326 31
90 326 1
142 326 1
147 326 15
148 326 7
155 326 2
170 326 1
199 326 35
200 326 2
203 326 134
207 326 49
208 326 2
213 326 48
214 326 4
215 326 135
223 326 7
227 326 2
234 326 23
242 326 1
244 326 1
248 326 4
249 326 2
254 326 14
255 326 2
257 326 1
263 326 29
282 326 1
285 326 3
294 326 4
296 326 37
297 326 8
302 326 1
310 326 1
311 326 6
24 327 1
51 327 5
91 327 1
95 327 3
96 327 3
157 327 7
158 327 24
164 327 17
165 327 2
169 327 2
